[gd_scene load_steps=2 format=3 uid="uid://cw01lv20wvfdg"]

[ext_resource type="Script" path="res://addons/sk_racing_cameras/src/cameras/track_cam.gd" id="1_vg8eo"]

[node name="TrackCamera" type="Camera3D" node_paths=PackedStringArray("car")]
script = ExtResource("1_vg8eo")
car = NodePath("")

[node name="camera2" type="Camera3D" parent="."]
transform = Transform3D(1.2978e-07, -0.14332, 0.989676, 1.87941e-08, 0.989676, 0.14332, -1, 0, 1.31134e-07, 32.6586, 7.71479, 22.1239)

[node name="camera3" type="Camera3D" parent="."]
transform = Transform3D(-1, 3.90798e-14, 8.74228e-08, 2.18136e-08, 0.96837, 0.249518, -8.46576e-08, 0.249518, -0.96837, 1.672, 2.61615, -10.3795)

[node name="camera5" type="Camera3D" parent="."]
transform = Transform3D(-1, 3.90798e-14, 8.74228e-08, 2.18136e-08, 0.96837, 0.249518, -8.46576e-08, 0.249518, -0.96837, 1.672, 2.61615, 23.065)

[node name="camera4" type="Camera3D" parent="."]
transform = Transform3D(1, 6.2648e-09, -1.74395e-07, 1.87941e-08, 0.989676, 0.14332, 1.73492e-07, -0.14332, 0.989676, 9.06178, 2.9867, 21.8801)
current = true
